clc;
close all;
clear variables;

min = [ 0.35    0.15    0.20
        0.40    0.35    0.25
        0.10    0.25    0.15 
        0.43    0.35    0.20 
        0.15    0.24    0.10    
        0.33    0.30    0.22    
        0.25    0.22    0.18    
        0.35    0.21    0.15 ];
    
max = [ 0.75    0.95    0.97
        0.90    0.85    0.75
        0.85    0.95    0.95 
        0.85    0.95    0.70 
        0.95    0.79    0.80
        0.85    0.99    0.88
        0.95    0.81    0.79
        0.95    0.97    0.96 ];
   
class = [0; 1; 0; 1; 1; 0; 0; 1];

center = (max - min) / 2;

[attribute_weight] = My_Relief_Alg(center, class);
